-0.09387415942644303
-0.009705492458176933
-0.11716518149688107
-0.1848182157256178
0.12104464392260267
0.02435309709536167
0.019848044283786597
-0.14456593091151063
-0.0770947924622486
0.04558433294527842
0.07469690504058546
-0.11451444233209841
-0.05436879733963567
0.06975032147491673
-0.05937508368760978
-0.062144653688640625
-0.14761540511968788
0.045835828329462244
0.010065510925425973
-0.013711406618234603
0.02067726380214596
-0.039646877451526806
0.0024579695246878283
-0.0882719717230057
0.04359212328562994
0.14665922954285426
0.01588081940027728
0.059785853542916934
-0.026486638206653573
-0.053704014789916564
-4.442793924877088E-4
-0.1678768788142795
0.132209914811687
-0.004170961777583179
0.019070386520476598
0.05504919525896622
0.13308776640726744
-0.07760057066317477
-0.07138964217265406
-0.13440171038981058
-0.1315383332254385
-0.17281584148186033
-0.01485782734083038
0.014071899236382775
0.07553014622066201
-0.06749942083198486
0.06050445940379217
0.017753828960704612
-0.014709015799547913
-0.05192570178497155
0.09508035333556861
-0.09409478040298874
0.09936815451562363
-0.020431830365366513
-0.11216635512305333
0.11780402655559669
-0.025933031111393025
0.03100528190718289
-0.1088730926380345
0.06728990360740429
-0.11646038061127514
-0.0565262414035275
-0.20094494415039457
0.015792676184949346
-0.028712428967424083
-0.2869982862280276
0.03467181609549197
-0.10446332835215522
0.04424408364557975
0.13250545163029576
0.01591281452822242
0.10228100429744705
-0.045105831352440555
-0.010369950286371174
1.3699799978952187E-4
0.1116043282572809
-0.01138649245676896
0.07778358141567289
-0.04063631255870324
-0.05992700682876795
0.0777189417167329
0.02739782979454761
-0.03446174138439969
0.1352035139284537
-0.04078725346856909
-0.039165076917887696
-0.03192915487639738
0.027795708492681974
0.04273534123182188
0.046255052438983035
-0.06661408627312355
0.006332535264760191
-0.0030069730457640666
-0.029444279443415107
0.0342915643162381
0.15113757041695727
-0.10687975076351174
0.012445439522579213
-0.18695315917411442
0.11132321712057304
0.08559766294807342
-0.0899917773806395
-0.02326421099232343
-0.08844560290862642
-0.04934014256378973
0.2437480918344343
0.04242823225763247
0.04594253814454351
0.025175921323866365
-0.025201232360954635
0.029466409359016465
-0.16691351913291358
-0.01400900096438141
-0.10229554492502047
-0.018603049026081956
0.18676133783581786
-0.06238403954622476
-0.09131781939521505
-0.05296074158771916
0.026000254214322845
0.07730585570612451
0.100062564312434
0.0707078878943878
0.01098217967461545
0.019868356620941278
-0.15449480016873188
0.08497185847590487
-0.019886012276239904
