-0.10662404037944594
0.0051426565459595135
-0.14546717996590622
-0.18383347069721337
0.11801950946663034
0.026314959926681654
0.03632417164622319
-0.14195270372170607
-0.07324715100064848
0.060320065940245915
0.0798980068349749
-0.10777759428376459
-0.06853844868712765
0.05492092249915821
-0.05804507046596613
-0.04158112678938171
-0.14487458606069054
0.04292352727388706
0.010877873132484846
-0.03017505158207206
0.0022355006462535833
-0.03704116554137537
-0.002292002733752371
-0.10297873994917908
0.024349153028738038
0.14138626773666887
0.03354684092541321
0.05889115064217537
-0.01885543498741932
-0.05732414250723488
-0.009877629541737607
-0.15010231961364526
0.15505474365060956
-0.02454590520335508
0.0023426786604269193
0.06354567528012162
0.1350325907768955
-0.07653069627170837
-0.061231218121941024
-0.15333536476600007
-0.13678432985627845
-0.15896361769438042
-0.005056090214895082
0.011174742902042383
0.05864191258342763
-0.07371716928387312
0.04850894646387026
-0.010890469341182514
-0.02249024458147533
-0.030614081549104645
0.128902887406028
-0.11063520584046829
0.07678892071158398
-0.031664663861076796
-0.11022161326914916
0.1235389574365953
-0.014729063428634262
0.01062253943676294
-0.09855647204938875
0.061574429863515946
-0.11965988428469812
-0.05780362559983216
-0.19400263020169817
-0.0010007594862642007
-0.025804551924045252
-0.2894517857357821
0.017500242311561807
-0.08345103978434777
0.050964782050481335
0.13948400245024742
0.014693678472156598
0.1079906389575849
-0.05843583105803737
-0.01582255873669472
0.011428140548526752
0.120360833541063
-0.012470526174184713
0.07226757205155833
-0.05253681656408988
-0.07578199065380126
0.09617049851490705
0.03534704824450986
-0.03726802699233712
0.11343215500141213
-0.03915248667817875
-0.02520361146342666
-0.04529406429222994
0.03955833505254774
0.037524896846218465
0.03658960421284697
-0.07393422583791472
0.028209218745247705
-0.023256471913323064
-0.03195372674805572
0.019963456068694804
0.1503860563837787
-0.10780161945152657
0.005659834956731575
-0.16328553094668127
0.11554050181322387
0.07000243335196017
-0.10494603689171639
-0.037927223297002384
-0.08959156831477787
-0.037690830748417205
0.24205107506947793
0.039910763743079336
0.03739643598039705
0.026357505455292793
-0.015807443574467304
0.004237202631996103
-0.16352718908805688
-0.0026386672285637243
-0.07733747616149698
-0.007756947351084547
0.15928687379037185
-0.0813662281836618
-0.09219835089471505
-0.06654736867304861
0.033675941616959575
0.10170748116825301
0.11518901268659466
0.0725643070830409
0.009445156347336803
0.009967661955741069
-0.15378988312693298
0.08171929669991836
0.0027945397271327737
